x:6.870195590683127
y:15.740618032719418
z:27.67026816218254
distance:44.05529491315837
